LK:   0.351124
LK:   0.388448
