LK:   0.345031
LK:   0.386592
