GalileoKeplerTb = [
    29600.318	0.00	56.00	0.00	0.00	0.00;
    29600.318	0.00	56.00	0.00	0.00	40.00;
    29600.318	0.00	56.00	0.00	0.00	80.00;
    29600.318	0.00	56.00	0.00	0.00	120.00;
    29600.318	0.00	56.00	0.00	0.00	160.00;
    29600.318	0.00	56.00	0.00	0.00	200.00;
    29600.318	0.00	56.00	0.00	0.00	240.00;
    29600.318	0.00	56.00	0.00	0.00	280.00;
    29600.318	0.00	56.00	0.00	0.00	320.00;
    29600.318	0.00	56.00	120.00	0.00	13.33;
    29600.318	0.00	56.00	120.00	0.00	53.33;
    29600.318	0.00	56.00	120.00	0.00	93.33;
    29600.318	0.00	56.00	120.00	0.00	133.33;
    29600.318	0.00	56.00	120.00	0.00	173.33;
    29600.318	0.00	56.00	120.00	0.00	213.33;
    29600.318	0.00	56.00	120.00	0.00	253.33;
    29600.318	0.00	56.00	120.00	0.00	293.33;
    29600.318	0.00	56.00	120.00	0.00	333.33;
    29600.318	0.00	56.00	240.00	0.00	26.66;
    29600.318	0.00	56.00	240.00	0.00	66.66;
    29600.318	0.00	56.00	240.00	0.00	106.66;
    29600.318	0.00	56.00	240.00	0.00	146.66;
    29600.318	0.00	56.00	240.00	0.00	186.66;
    29600.318	0.00	56.00	240.00	0.00	226.66;
    29600.318	0.00	56.00	240.00	0.00	266.66;
    29600.318	0.00	56.00	240.00	0.00	306.66;
    29600.318	0.00	56.00	240.00	0.00	346.66];