LK:   0.322552
LK:   0.322571
