LK:   0.321737
LK:   0.379298
