LK:   0.339089
LK:   0.478349
