LK:   0.338448
LK:   0.406608
