LK:   0.302144
LK:   0.309299
