LK:   0.331235
LK:   0.308584
