LK:   0.285220
LK:   0.186132
