LK:   0.328777
LK:   0.367964
