LK:   0.295790
LK:   0.257823
