LK:   0.315592
LK:   0.325996
